0,117,15,25,1,118,20,30,3,129,15,25,5,78,15,25,7,78,25,35,9
0,97,15,25,1,97,15,25,3,129,15,25,5,98,25,35,7,78,25,35,9
0,59,15,25,1,60,20,30,3,129,15,25,5,78,15,25,7,78,25,35,9
0,128,15,25,1,128,15,25,3,128,15,25,5,128,25,35,7,87,30,40,9
0,59,15,25,1,60,20,30,3,129,15,25,5,78,15,25,7,78,25,35,9
0,59,15,25,1,60,20,30,3,129,15,25,5,78,15,25,7,129,25,35,9
0,97,15,25,1,97,15,25,3,129,15,25,5,97,25,35,7,78,25,35,9
0,97,15,25,1,119,15,25,3,129,15,25,5,79,25,35,7,78,25,35,9
0,97,15,25,1,119,15,25,3,129,15,25,5,98,25,35,7,78,25,35,9
0,97,15,25,1,222,15,25,3,129,15,25,5,98,25,35,7,78,25,35,9
0,59,15,25,1,60,20,30,3,129,15,25,5,78,15,25,7,78,25,35,9
0,117,15,25,1,118,20,30,3,129,15,25,5,78,15,25,7,78,25,35,9
0,97,15,25,1,222,15,25,3,129,15,25,5,98,25,35,7,78,25,35,9
0,59,15,25,1,60,20,30,3,129,15,25,5,78,15,25,7,78,25,35,9
0,97,15,25,1,119,15,25,3,129,15,25,5,98,25,35,7,78,25,35,9
0,97,15,25,1,97,15,25,3,129,15,25,5,98,25,35,7,78,25,35,9
0,97,15,25,1,222,15,25,3,129,15,25,5,98,25,35,7,78,25,35,9
0,97,15,25,1,119,15,25,3,129,15,25,5,98,25,35,7,78,25,35,9
0,97,15,25,1,222,15,25,3,129,15,25,5,98,25,35,7,78,25,35,9
0,97,15,25,1,119,15,25,3,129,15,25,5,98,25,35,7,78,25,35,9
0,97,15,25,1,222,15,25,3,129,15,25,5,98,25,35,7,78,25,35,9
0,97,15,25,1,97,15,25,3,129,15,25,5,97,25,35,7,78,25,35,9
0,59,15,25,1,60,20,30,3,129,15,25,5,78,15,25,7,78,25,35,9
0,97,15,25,1,97,15,25,3,129,15,25,5,97,25,35,7,78,25,35,9
0,97,15,25,1,97,15,25,3,129,15,25,5,97,25,35,7,78,25,35,9
0,97,15,25,1,97,15,25,3,129,15,25,5,97,25,35,7,78,25,35,9
0,97,15,25,1,97,15,25,3,129,15,25,5,97,25,35,7,78,25,35,9
0,97,15,25,1,97,15,25,3,129,15,25,5,98,25,35,7,78,25,35,9
0,97,15,25,1,97,15,25,3,129,15,25,5,98,25,35,7,78,25,35,9
0,97,15,25,1,97,15,25,3,129,15,25,5,98,25,35,7,78,25,35,9
0,59,15,25,1,60,20,30,3,129,15,25,5,78,15,25,7,78,25,35,9
0,59,15,25,1,60,20,30,3,129,15,25,5,78,15,25,7,78,25,35,9
0,97,15,25,1,97,15,25,3,129,15,25,5,97,25,35,7,78,25,35,9
0,59,15,25,1,60,20,30,3,129,15,25,5,78,15,25,7,78,25,35,9
0,59,15,25,1,60,20,30,3,129,15,25,5,78,15,25,7,78,25,35,9
0,97,15,25,1,119,15,25,3,129,15,25,5,97,25,35,7,78,25,35,9
0,117,15,25,1,118,20,30,3,146,15,25,5,78,15,35,7,147,25,35,9
0,117,15,25,1,118,20,30,3,146,15,25,5,78,15,35,7,147,25,35,9
0,117,15,25,1,118,20,30,3,146,15,25,5,78,15,35,7,147,25,35,9
0,117,15,25,1,118,20,30,3,146,15,25,5,78,15,35,7,147,25,35,9
0,97,15,25,1,97,20,30,3,129,15,25,5,78,15,25,7,129,25,35,9
0,97,15,25,1,97,20,30,3,129,15,25,5,78,15,25,7,129,25,35,9
0,97,15,25,1,222,15,25,3,129,15,25,5,98,25,35,7,78,25,35,9
0,97,15,25,1,222,15,25,3,129,15,25,5,98,25,35,7,78,25,35,9
0,97,15,25,1,97,15,25,3,129,15,25,5,98,25,35,7,78,25,35,9
0,97,15,25,1,119,15,25,3,129,15,25,5,115,25,35,7,78,25,35,9
0,59,15,25,1,60,20,30,3,129,15,25,5,78,15,25,7,78,25,35,9
0,97,15,25,1,222,15,25,3,129,15,25,5,98,25,35,7,78,25,35,9
0,97,15,25,1,222,15,25,3,129,15,25,5,98,25,35,7,78,25,35,9