0,117,5,15,1,128,5,15,3,59,5,15,5
0,115,5,15,1,128,5,15,3,115,5,15,5
0,59,5,15,1,128,5,15,3,117,5,15,5
0,128,5,15,1,128,5,15,3,128,5,15,5
0,59,5,15,1,128,5,15,3,117,5,15,5
0,59,5,15,1,128,5,15,3,117,5,15,5
0,115,5,15,1,128,5,15,3,97,5,15,5
0,115,5,15,1,128,5,15,3,97,5,15,5
0,115,5,15,1,128,5,15,3,115,5,15,5
0,115,5,15,1,128,5,15,3,115,5,15,5
0,59,5,15,1,128,5,15,3,117,5,15,5
0,117,5,15,1,128,5,15,3,59,5,15,5
0,115,5,15,1,128,5,15,3,115,5,15,5
0,115,5,15,1,128,5,15,3,115,5,15,5
0,59,5,15,1,128,5,15,3,117,5,15,5
0,115,5,15,1,128,5,15,3,115,5,15,5
0,115,5,15,1,128,5,15,3,115,5,15,5
0,115,5,15,1,128,5,15,3,115,5,15,5
0,115,5,15,1,128,5,15,3,115,5,15,5
0,115,5,15,1,128,5,15,3,97,5,15,5
0,115,5,15,1,128,5,15,3,115,5,15,5
0,115,5,15,1,128,5,15,3,97,5,15,5
0,115,5,15,1,128,5,15,3,97,5,15,5
0,115,5,15,1,128,5,15,3,97,5,15,5
0,115,5,15,1,128,5,15,3,97,5,15,5
0,115,5,15,1,128,5,15,3,97,5,15,5
0,115,5,15,1,128,5,15,3,97,5,15,5
0,115,5,15,1,128,5,15,3,97,5,15,5
0,59,5,15,1,128,5,15,3,117,5,15,5
0,59,5,15,1,128,5,15,3,117,5,15,5
0,115,5,15,1,128,5,15,3,97,5,15,5
0,59,5,15,1,128,5,15,3,117,5,15,5
0,115,5,15,1,128,5,15,3,97,5,15,5
0,59,5,15,1,128,5,15,3,117,5,15,5
0,59,5,15,1,128,5,15,3,117,5,15,5
0,115,5,15,1,128,5,15,3,97,5,15,5
0,117,5,15,1,128,5,15,3,59,5,15,5
0,117,5,15,1,128,5,15,3,59,5,15,5
0,117,5,15,1,128,5,15,3,59,5,15,5
0,117,5,15,1,128,5,15,3,59,5,15,5
0,115,5,15,1,128,5,15,3,97,5,15,5
0,115,5,15,1,128,5,15,3,97,5,15,5
0,115,5,15,1,128,5,15,3,115,5,15,5
0,115,5,15,1,128,5,15,3,115,5,15,5
0,115,5,15,1,128,5,15,3,115,5,15,5
0,115,5,15,1,128,5,15,3,97,5,15,5
0,59,5,15,1,128,5,15,3,117,5,15,5
0,115,5,15,1,128,5,15,3,115,5,15,5
0,115,5,15,1,128,5,15,3,115,5,15,5
