0,128,5,5,1,128,5,5,3
0,128,5,5,1,128,5,5,3
0,128,5,5,1,128,5,5,3
0,128,5,5,1,128,5,5,3
0,128,5,5,1,128,5,5,3
0,128,5,5,1,128,5,5,3
0,128,5,5,1,128,5,5,3
0,128,5,5,1,128,5,5,3
0,128,5,5,1,128,5,5,3
0,128,5,5,1,128,5,5,3
0,128,5,5,1,128,5,5,3
0,128,5,5,1,128,5,5,3
0,128,5,5,1,128,5,5,3
0,128,5,5,1,128,5,5,3
0,128,5,5,1,128,5,5,3
0,128,5,5,1,128,5,5,3
0,128,5,5,1,128,5,5,3
0,128,5,5,1,128,5,5,3
0,128,5,5,1,128,5,5,3
0,128,5,10,1,128,5,10,3
0,128,5,5,1,128,5,5,3
0,128,5,5,1,128,5,5,3
0,128,5,5,1,128,5,5,3
0,128,5,5,1,128,5,5,3
0,128,5,5,1,128,5,5,3
0,128,5,5,1,128,5,5,3
0,128,5,5,1,128,5,5,3
0,128,5,5,1,128,5,5,3
0,128,5,5,1,128,5,5,3
0,128,5,5,1,128,5,5,3
0,128,5,5,1,128,5,5,3
0,128,5,5,1,128,5,5,3
0,128,5,5,1,128,5,5,3
0,128,5,5,1,128,5,5,3
0,128,5,5,1,128,5,5,3
0,128,5,5,1,128,5,5,3
0,128,5,5,1,128,5,5,3
0,128,5,5,1,128,5,5,3
0,128,5,5,1,128,5,5,3
0,128,5,5,1,128,5,5,3
0,128,5,5,1,128,5,5,3
0,128,5,5,1,128,5,5,3
0,128,5,5,1,128,5,5,3
0,128,5,5,1,128,5,5,3
0,128,5,5,1,128,5,5,3
0,128,5,5,1,128,5,5,3
0,128,5,5,1,128,5,5,3
0,128,5,5,1,128,5,5,3
0,128,5,5,1,128,5,5,3
