0,117,15,25,1,118,20,30,3,129,15,25,5,53,15,25,7,53,25,35,9
0,115,15,25,1,115,15,25,3,129,15,25,5,116,25,35,7,53,25,35,9
0,59,15,25,1,60,20,30,3,129,15,25,5,53,15,25,7,53,25,35,9
0,128,15,25,1,128,15,25,3,128,15,25,5,128,25,35,7,87,30,40,9
0,59,15,25,1,60,20,30,3,129,15,25,5,53,15,25,7,53,25,35,9
0,59,15,25,1,60,20,30,3,129,15,25,5,53,15,25,7,129,25,35,9
0,115,15,25,1,115,15,25,3,129,15,25,5,115,25,35,7,53,25,35,9
0,115,15,25,1,89,15,25,3,129,15,25,5,116,25,35,7,53,25,35,9
0,115,15,25,1,89,15,25,3,129,15,25,5,116,25,35,7,53,25,35,9
0,115,15,25,1,210,15,25,3,129,15,25,5,116,25,35,7,53,25,35,9
0,59,15,25,1,60,20,30,3,129,15,25,5,53,15,25,7,53,25,35,9
0,117,15,25,1,118,20,30,3,129,15,25,5,53,15,25,7,53,25,35,9
0,115,15,25,1,210,15,25,3,129,15,25,5,116,25,35,7,53,25,35,9
0,115,15,25,1,89,15,25,3,129,15,25,5,116,25,35,7,53,25,35,9
0,59,15,25,1,60,20,30,3,129,15,25,5,53,15,25,7,53,25,35,9
0,115,15,25,1,115,15,25,3,129,15,25,5,116,25,35,7,53,25,35,9
0,115,15,25,1,210,15,25,3,129,15,25,5,116,25,35,7,53,25,35,9
0,115,15,25,1,89,15,25,3,129,15,25,5,116,25,35,7,53,25,35,9
0,115,15,25,1,210,15,25,3,129,15,25,5,116,25,35,7,53,25,35,9
0,115,15,25,1,89,15,25,3,129,15,25,5,116,25,35,7,53,25,35,9
0,115,15,25,1,210,15,25,3,129,15,25,5,116,25,35,7,53,25,35,9
0,115,15,25,1,115,15,25,3,129,15,25,5,115,25,35,7,53,25,35,9
0,115,15,25,1,115,15,25,3,129,15,25,5,115,25,35,7,53,25,35,9
0,115,15,25,1,115,15,25,3,129,15,25,5,115,25,35,7,53,25,35,9
0,115,15,25,1,115,15,25,3,129,15,25,5,115,25,35,7,53,25,35,9
0,115,15,25,1,115,15,25,3,129,15,25,5,116,25,35,7,53,25,35,9
0,115,15,25,1,115,15,25,3,129,15,25,5,116,25,35,7,53,25,35,9
0,115,15,25,1,115,15,25,3,129,15,25,5,116,25,35,7,53,25,35,9
0,59,15,25,1,60,20,30,3,129,15,25,5,53,15,25,7,53,25,35,9
0,59,15,25,1,60,20,30,3,129,15,25,5,53,15,25,7,53,25,35,9
0,115,15,25,1,115,15,25,3,129,15,25,5,115,25,35,7,53,25,35,9
0,59,15,25,1,60,20,30,3,129,15,25,5,53,15,25,7,53,25,35,9
0,115,15,25,1,115,15,25,3,129,15,25,5,115,25,35,7,53,25,35,9
0,59,15,25,1,60,20,30,3,129,15,25,5,53,15,25,7,53,25,35,9
0,59,15,25,1,60,20,30,3,129,15,25,5,53,15,25,7,53,25,35,9
0,115,15,25,1,89,15,25,3,129,15,25,5,115,25,35,7,53,25,35,9
0,117,15,25,1,118,20,30,3,146,15,25,5,53,15,35,7,147,25,35,9
0,117,15,25,1,118,20,30,3,146,15,25,5,53,15,35,7,147,25,35,9
0,117,15,25,1,118,20,30,3,146,15,25,5,53,15,35,7,147,25,35,9
0,117,15,25,1,118,20,30,3,146,15,25,5,53,15,35,7,147,25,35,9
0,115,15,25,1,115,20,30,3,129,15,25,5,53,15,25,7,129,25,35,9
0,115,15,25,1,115,20,30,3,129,15,25,5,53,15,25,7,129,25,35,9
0,115,15,25,1,210,15,25,3,129,15,25,5,116,25,35,7,53,25,35,9
0,115,15,25,1,210,15,25,3,129,15,25,5,116,25,35,7,53,25,35,9
0,115,15,25,1,115,15,25,3,129,15,25,5,116,25,35,7,53,25,35,9
0,115,15,25,1,89,15,25,3,129,15,25,5,115,25,35,7,53,25,35,9
0,59,15,25,1,60,20,30,3,129,15,25,5,53,15,25,7,53,25,35,9
0,115,15,25,1,210,15,25,3,129,15,25,5,116,25,35,7,53,25,35,9
0,115,15,25,1,210,15,25,3,129,15,25,5,116,25,35,7,53,25,35,9
